2005-06-17 2.6.12 233 5954460 17360
2005-08-28 2.6.13 241 6133728 18090
2005-10-27 2.6.14 246 6288889 18433
2006-01-02 2.6.15 250 6399714 18810
2006-03-19 2.6.16 257 6566104 19250
2006-06-17 2.6.17 260 6666539 19552
2006-09-19 2.6.18 264 6797248 20207
2006-11-29 2.6.19 272 6999988 20935
2007-02-04 2.6.20 276 7107936 21279
2007-04-25 2.6.21 280 7228121 21612
2007-07-08 2.6.22 290 7442719 22409
2007-10-09 2.6.23 292 7523367 22528
2008-01-24 2.6.24 301 7786188 23060
2008-04-16 2.6.25 313 8094451 23808
2008-07-13 2.6.26 319 8231230 24268
2008-10-09 2.6.27 323 8395974 24351
2008-12-24 2.6.28 340 8832516 25252
2009-03-23 2.6.29 367 9571269 26665
2009-06-09 2.6.30 385 10113553 27876
2009-09-09 2.6.31 399 10467872 29108
2009-12-02 2.6.32 418 10928661 30482
2010-02-24 2.6.33 432 11248513 31562
2010-05-16 2.6.34 442 11543388 32294
2010-08-01 2.6.35 452 11929156 33313
2010-10-20 2.6.36 454 12213113 34295
2011-01-04 2.6.37 473 12676951 35185
2011-03-14 2.6.38 483 12957286 35863
2011-05-18 2.6.39 493 13263599 36704
2011-07-21 3.0 494 13349250 36780
2011-10-24 3.1 498 13462040 37083
2012-01-04 3.2 505 13670936 37615
2012-03-18 3.3 511 13822907 38080
2012-05-20 3.4 517 14019033 38564
2012-07-21 3.5 525 14208406 39094
2012-09-30 3.6 536 14462541 39731
2012-12-10 3.7 548 14749322 40903
2013-02-18 3.8 555 14948110 41518
2013-04-28 3.9 564 15192422 42421
2013-06-30 3.10 573 15423219 43014
2013-09-02 3.11 586 15844126 44000
2013-11-03 3.12 596 16146620 44584
2014-01-19 3.13 602 16322356 44968
2014-03-30 3.14 614 16616452 45933
2014-06-08 3.15 626 16933645 46778
2014-08-03 3.16 634 17133419 47423
2014-10-05 3.17 632 17085808 47488
2014-12-07 3.18 637 17186549 47969
2015-02-08 3.19 642 17293976 48422
2015-04-12 4.0 648 17449531 48943
2015-06-21 4.1 655 17604965 49441
2015-08-30 4.2 691 18354980 50778
2015-11-01 4.3 702 18628471 51553
2016-01-10 4.4 710 18840639 52197
2016-03-13 4.5 721 19088500 52890
2016-05-15 4.6 730 19323249 53634
2016-07-24 4.7 741 19569289 54373
2016-10-02 4.8 753 19857895 55472
2016-12-11 4.9 763 20110005 56201
2017-02-19 4.10 781 20452280 57167
